Event	Peptide	Mutation_chromosome	Mutation_Location	Mutation_allele	QPCR_Datatype	Sample_1	Sample_2	Sample_3	Sample_4	Sample_5	Sample_6	Sample_7	Sample_8	Sample_9	Sample_10	Sample_11	Sample_12	Sample_13	Sample_14	Sample_15	Sample_16	Sample_17	Sample_18	Sample_19	Sample_20	Sample_21	Sample_22	Sample_23	Sample_24	Sample_25	Sample_26	Sample_27	Sample_28	Sample_29	Sample_30	Sample_31	Sample_32	Sample_33	Sample_34	Sample_35	Sample_36	Sample_37	Sample_38	Sample_39	Sample_40	Sample_41	Sample_42	Sample_43	Sample_44	Sample_45	Sample_46	Sample_47	Sample_48	Sample_49	Sample_50	Sample_51	Sample_52	Sample_53	Sample_54	Sample_55	Sample_56	Sample_57	Sample_58	Sample_59	Sample_60	Sample_61	Sample_62	Sample_63	Sample_64	Sample_65	Sample_66	Sample_67	Sample_68	Sample_69	Sample_70	Sample_71	Sample_72	Sample_73	Sample_74	Sample_75	Sample_76	Sample_77	Sample_78	Sample_79	Sample_80	Sample_81	Sample_82	Sample_83	Sample_84	Sample_85	Sample_86	Sample_87	Sample_88	Sample_89	Sample_90	Sample_91	Sample_92	Sample_93	
8	0.000000;
9	0.000000;
12	0.000000;
16	0.000000;
18	0.000000;
19	0.000000;
27	0.000000;
29	0.000000;
33	0.000000;
34	0.000000;
35	0.000000;
36	0.000000;
40	0.000000;
45	0.000000;
58	0.000000;
63	0.000000;
66	0.000000;
70	0.000000;
83	0.000000;
84	0.000000;
91	0.000000;
92	0.000000;
94	0.000000;
98	0.000000;
165	2.056224;2.0,2.80735492206,2.58496250072,1.0,2.0,2.0,3.0,1.58496250072,2.0,1.58496250072,
192	0.000000;
236	0.000000;
269	0.000000;
271	0.000000;
274	0.000000;
361	0.000000;
365	0.000000;
509	0.000000;
509	0.000000;
510	4.172908;7.1395513524,3.70043971814,1.58496250072,6.12928301694,3.80735492206,3.45943161864,4.75488750216,2.80735492206,
510	4.172908;7.1395513524,3.70043971814,1.58496250072,6.12928301694,3.80735492206,3.45943161864,4.75488750216,2.80735492206,
511	0.000000;
511	0.000000;
512	0.000000;
512	0.000000;
513	0.000000;
513	0.000000;
514	0.000000;
514	0.000000;
515	0.000000;
515	0.000000;
523	0.000000;
542	0.000000;
548	0.000000;
577	0.000000;
578	0.000000;
579	0.000000;
580	0.000000;
586	0.000000;
588	0.000000;
589	0.000000;
589	0.000000;
596	0.000000;
600	0.000000;
602	0.000000;
605	0.000000;
608	0.000000;
610	0.000000;
616	0.000000;
617	0.000000;
620	0.000000;
623	0.000000;
623	0.000000;
631	0.000000;
633	0.000000;
647	0.000000;
652	0.000000;
653	0.000000;
655	2.415363;2.32192809489,3.16992500144,3.58496250072,1.0,2.0,
659	0.000000;
660	0.000000;
662	0.000000;
665	0.000000;
667	0.000000;
670	0.000000;
689	0.000000;
691	0.000000;
691	0.000000;
693	0.000000;
694	0.000000;
695	0.000000;
698	0.000000;
699	0.000000;
700	0.000000;
722	0.000000;
729	0.000000;
731	0.000000;
740	0.000000;
741	0.000000;
747	0.000000;
749	0.000000;
760	0.000000;
761	0.000000;
776	0.000000;
777	0.000000;
779	0.000000;
780	0.000000;
782	0.000000;
789	0.000000;
792	0.000000;
793	0.000000;
800	0.000000;
801	0.000000;
801	0.000000;
806	0.000000;
807	0.000000;
809	0.000000;
813	0.000000;
815	0.000000;
825	0.000000;
833	0.000000;
854	0.000000;
855	0.000000;
860	0.000000;
873	2.000000;2.0,
874	1.000000;1.0,
875	1.677976;1.0,2.32192809489,1.58496250072,2.32192809489,2.0,1.0,1.58496250072,2.0,2.0,1.0,1.0,2.32192809489,
876	1.568183;2.80735492206,1.0,1.0,2.0,1.0,1.58496250072,1.58496250072,
877	4.013430;1.0,6.87036471958,4.16992500144,
878	0.000000;
879	0.000000;
880	0.000000;
881	0.000000;
882	0.000000;
883	0.000000;
883	1.000000;1.0,
884	1.975489;1.58496250072,1.0,3.0,1.0,1.0,3.0,1.58496250072,3.0,1.58496250072,3.0,
885	0.000000;
887	0.000000;
888	1.736852;2.80735492206,1.0,1.0,4.08746284125,1.0,1.0,1.0,2.0,
889	0.000000;
890	0.000000;
890	2.584963;2.58496250072,
891	0.000000;
892	0.000000;
893	0.000000;
894	0.000000;
896	0.000000;
897	0.000000;
898	0.000000;
899	0.000000;
900	0.000000;
901	1.928546;4.0,2.0,2.80735492206,1.0,1.58496250072,1.0,1.0,1.0,1.0,2.32192809489,6.28540221886,1.0,1.0,1.0,
902	0.000000;
903	0.000000;
904	0.000000;
905	1.704428;1.58496250072,2.0,2.58496250072,1.0,1.0,1.0,2.58496250072,1.0,2.58496250072,
905	1.389975;1.0,1.58496250072,1.58496250072,1.58496250072,1.58496250072,1.0,1.0,1.0,1.58496250072,1.58496250072,1.58496250072,1.58496250072,
906	1.657054;2.0,2.0,2.0,1.58496250072,1.0,2.0,2.0,1.0,2.0,1.0,1.0,2.0,2.0,1.58496250072,2.0,1.0,2.0,
907	0.000000;
908	0.000000;
909	0.000000;
910	1.885069;2.32192809489,1.58496250072,1.0,1.58496250072,1.58496250072,1.0,4.24792751344,1.0,2.0,1.0,1.0,1.0,3.16992500144,2.32192809489,3.45943161864,
911	2.038316;1.0,2.0,1.0,1.0,2.58496250072,3.0,3.16992500144,3.45943161864,2.32192809489,2.32192809489,1.58496250072,3.58496250072,1.0,2.0,1.0,1.58496250072,
911	0.000000;
912	0.000000;
913	1.727511;3.32192809489,2.32192809489,1.0,1.0,1.0,1.58496250072,2.32192809489,1.0,1.0,1.0,3.32192809489,1.58496250072,2.0,
914	2.200163;3.16992500144,1.0,3.58496250072,1.58496250072,3.58496250072,3.16992500144,1.0,1.0,2.32192809489,1.58496250072,
915	0.000000;
916	0.000000;
917	1.000000;1.0,
918	0.000000;
918	3.000000;3.0,
919	2.321928;2.32192809489,
920	1.861654;2.58496250072,2.0,1.0,
921	0.000000;
922	0.000000;
923	0.000000;
924	0.000000;
925	2.189444;7.1395513524,2.0,2.0,1.0,1.0,2.0,1.58496250072,3.16992500144,1.0,1.0,
926	0.000000;
927	0.000000;
929	0.000000;
930	0.000000;
931	1.616750;1.0,2.0,2.32192809489,1.58496250072,1.0,1.0,2.32192809489,2.32192809489,1.0,
932	0.000000;
934	2.125857;1.0,4.80735492206,2.32192809489,3.0,1.0,1.0,2.0,1.0,2.80735492206,2.32192809489,
935	0.000000;
936	0.000000;
937	0.000000;
938	0.000000;
939	0.000000;
940	0.000000;
941	0.000000;
942	0.000000;
943	0.000000;
944	0.000000;
945	0.000000;
946	2.024674;1.0,5.0,2.0,1.58496250072,1.0,1.58496250072,3.90689059561,1.58496250072,1.0,1.58496250072,
948	0.000000;
950	0.000000;
951	5.321928;5.32192809489,
952	0.000000;
954	1.000000;1.0,
955	0.000000;
955	0.000000;
956	0.000000;
957	2.269341;1.58496250072,2.0,2.0,4.24792751344,1.58496250072,2.80735492206,1.0,1.58496250072,1.0,5.93073733756,3.80735492206,1.0,1.58496250072,1.58496250072,2.32192809489,
960	1.953445;2.32192809489,1.58496250072,
961	1.962420;2.58496250072,3.0,1.58496250072,1.58496250072,2.32192809489,1.58496250072,2.0,1.0,2.0,
962	2.869110;3.70043971814,2.32192809489,2.58496250072,
963	1.500000;2.0,1.0,
964	2.480176;3.70043971814,1.0,3.70043971814,2.0,2.0,
964	2.067484;1.58496250072,4.32192809489,1.58496250072,1.58496250072,1.0,1.0,1.58496250072,1.0,1.0,2.32192809489,2.32192809489,3.45943161864,1.0,2.32192809489,2.80735492206,3.70043971814,2.58496250072,2.58496250072,2.58496250072,1.0,
965	2.067484;1.58496250072,4.32192809489,1.58496250072,1.58496250072,1.0,1.0,1.58496250072,1.0,1.0,2.32192809489,2.32192809489,3.45943161864,1.0,2.32192809489,2.80735492206,3.70043971814,2.58496250072,2.58496250072,2.58496250072,1.0,
966	0.000000;
968	0.000000;
969	0.000000;
970	3.210055;2.32192809489,4.85798099513,1.0,5.28540221886,2.58496250072,
971	0.000000;
972	2.072067;1.0,2.32192809489,2.32192809489,1.0,2.58496250072,1.0,1.58496250072,2.32192809489,5.58496250072,1.0,
973	0.000000;
975	1.528321;2.0,1.58496250072,1.0,1.0,1.58496250072,2.0,
976	0.000000;
977	0.000000;
977	0.000000;
978	0.000000;
979	0.000000;
979	0.000000;
980	0.000000;
981	0.000000;
982	0.000000;
983	0.000000;
984	2.761280;2.80735492206,1.0,3.58496250072,2.58496250072,6.02236781303,1.0,3.32192809489,3.32192809489,1.0,1.58496250072,3.90689059561,3.0,
985	0.000000;
987	0.000000;
987	0.000000;
988	2.669465;4.24792751344,2.58496250072,1.58496250072,1.0,2.32192809489,3.70043971814,1.0,3.58496250072,4.0,
989	0.000000;
990	2.807355;2.80735492206,
991	2.156880;1.0,1.0,1.0,3.16992500144,4.52356195606,3.16992500144,5.90689059561,1.0,1.0,1.58496250072,1.0,1.0,1.58496250072,2.32192809489,4.24792751344,1.0,
992	2.479749;1.0,3.58496250072,4.64385618977,1.58496250072,1.58496250072,
993	1.686482;1.58496250072,2.32192809489,1.0,1.58496250072,1.0,3.0,2.0,1.0,
994	1.916993;1.0,1.0,4.0,2.58496250072,1.0,
995	0.000000;
995	0.000000;
996	0.000000;
997	2.225543;1.0,1.58496250072,2.32192809489,4.70043971814,3.16992500144,2.32192809489,1.58496250072,1.0,4.70043971814,1.0,1.0,2.32192809489,
998	0.000000;
999	1.324979;1.0,1.58496250072,1.58496250072,1.0,1.58496250072,1.58496250072,1.0,1.58496250072,1.0,
1000	0.000000;
1001	0.000000;
1003	0.000000;
1005	0.000000;
1006	0.000000;
1007	0.000000;
1008	0.000000;
1009	0.000000;
1010	0.000000;
1011	0.000000;
1012	0.000000;
1013	0.000000;
1014	0.000000;
1015	0.000000;
1016	1.000000;1.0,
1017	0.000000;
1018	0.000000;
1019	0.000000;
1020	0.000000;
1021	0.000000;
1022	0.000000;
1023	0.000000;
1024	1.945472;2.0,3.16992500144,1.58496250072,1.0,1.0,1.58496250072,2.0,1.58496250072,3.45943161864,2.32192809489,1.0,2.0,2.58496250072,
1025	3.225284;2.80735492206,5.70043971814,1.58496250072,4.32192809489,2.58496250072,2.58496250072,3.0,1.58496250072,4.85798099513,
1026	2.428561;2.80735492206,1.0,1.0,4.90689059561,
1026	1.000000;1.0,
1027	0.000000;
1028	0.000000;
1028	0.000000;
1029	0.000000;
1030	0.000000;
1031	0.000000;
1032	0.000000;
1033	0.000000;
1034	0.000000;
1035	1.818389;1.58496250072,3.90689059561,1.58496250072,1.0,1.58496250072,2.0,1.58496250072,2.0,1.58496250072,2.0,1.0,1.0,2.80735492206,
1036	0.000000;
1037	0.000000;
1038	0.000000;
1039	0.000000;
1040	0.000000;
1041	0.000000;
1042	0.000000;
1043	0.000000;
1044	0.000000;
1045	1.000000;1.0,
1045	0.000000;
1046	0.000000;
1047	0.000000;
1047	0.000000;
1048	0.000000;
1049	0.000000;
1049	1.000000;1.0,1.0,1.0,1.0,1.0,1.0,1.0,1.0,1.0,
1050	1.346644;1.58496250072,1.58496250072,1.58496250072,1.58496250072,1.58496250072,1.58496250072,1.0,1.58496250072,1.0,1.58496250072,1.0,1.58496250072,1.58496250072,1.0,1.0,1.0,1.0,1.58496250072,1.58496250072,1.0,1.58496250072,1.58496250072,1.0,1.0,1.58496250072,1.58496250072,1.0,
1051	3.095134;2.0,5.28540221886,2.0,
1052	0.000000;
1053	2.478447;1.58496250072,3.16992500144,1.0,6.93073733756,1.0,2.32192809489,3.45943161864,6.93073733756,3.0,2.0,1.58496250072,1.0,1.0,2.0,3.45943161864,1.58496250072,1.58496250072,1.0,
1053	1.584963;1.58496250072,
1054	2.042744;2.80735492206,2.0,3.90689059561,1.0,1.0,2.58496250072,1.0,
1055	3.546174;6.18982455888,4.08746284125,1.0,3.0,4.52356195606,3.70043971814,2.32192809489,
1056	1.000000;1.0,1.0,
1057	2.284368;1.0,1.0,4.16992500144,2.0,2.0,1.58496250072,3.45943161864,1.0,5.04439411936,1.58496250072,
1058	0.000000;
1059	0.000000;
1060	2.203918;1.0,2.0,1.0,2.58496250072,3.80735492206,2.58496250072,4.85798099513,1.0,1.0,
1061	0.000000;
1062	1.000000;1.0,
1063	0.000000;
1064	2.678463;1.0,2.58496250072,2.80735492206,5.0,2.0,
1066	0.000000;
1067	2.153144;2.0,3.45943161864,1.0,
1068	0.000000;
1070	2.107682;2.58496250072,3.58496250072,1.0,1.58496250072,2.0,3.0,2.0,1.0,3.32192809489,1.0,
1071	0.000000;
1072	0.000000;
1073	0.000000;
1074	0.000000;
1074	0.000000;
1075	2.848079;2.58496250072,2.80735492206,3.0,3.0,
1076	0.000000;
1077	1.167132;1.0,1.0,1.58496250072,1.0,1.0,1.58496250072,1.0,
1078	0.000000;
1079	0.000000;
1080	0.000000;
1082	4.459432;4.45943161864,
1083	0.000000;
1083	0.000000;
1084	0.000000;
1085	0.000000;
1086	2.491392;5.0,2.58496250072,1.0,2.0,3.32192809489,1.58496250072,2.80735492206,1.0,2.80735492206,2.80735492206,
1087	2.683373;5.93073733756,1.0,3.16992500144,3.0,3.45943161864,1.0,1.58496250072,2.32192809489,
1088	1.000000;1.0,1.0,
1089	0.000000;
1090	2.270685;4.0,2.32192809489,1.58496250072,3.32192809489,1.0,2.0,5.08746284125,1.0,2.80735492206,2.32192809489,2.80735492206,1.0,1.0,1.0,2.80735492206,
1091	2.076597;1.58496250072,2.32192809489,1.58496250072,1.58496250072,1.58496250072,4.08746284125,1.58496250072,2.0,2.58496250072,1.0,2.0,3.0,
1092	0.000000;
1093	0.000000;
1093	0.000000;
1094	1.194988;1.0,1.58496250072,1.0,
1095	0.000000;
1096	2.211012;1.58496250072,3.58496250072,2.0,1.0,1.58496250072,3.58496250072,1.58496250072,1.0,1.58496250072,4.70043971814,3.32192809489,1.0,
1097	0.000000;
1098	0.000000;
1099	0.000000;
1101	1.730935;2.58496250072,1.58496250072,1.0,1.0,1.0,2.0,2.58496250072,3.70043971814,1.0,1.58496250072,1.0,
1102	1.476723;1.58496250072,1.0,1.0,2.32192809489,
1103	0.000000;
1103	0.000000;
1104	0.000000;
1106	0.000000;
1107	1.389975;1.58496250072,1.0,1.58496250072,
1108	0.000000;
1108	0.000000;
1109	0.000000;
1109	0.000000;
1110	0.000000;
1111	1.750000;2.0,2.0,1.0,2.0,
1112	0.000000;
1113	0.000000;
1114	0.000000;
1115	0.000000;
1116	1.405121;2.58496250072,1.0,1.0,1.0,1.0,1.0,2.32192809489,1.0,1.0,2.0,1.0,2.58496250072,1.0,1.0,1.58496250072,
1117	0.000000;
1119	0.000000;
1120	2.299843;1.0,3.0,2.32192809489,3.90689059561,3.58496250072,2.0,1.0,1.58496250072,
1121	0.000000;
1122	1.584963;1.58496250072,
1123	0.000000;
1124	0.000000;
1125	0.000000;
1126	0.000000;
1126	2.792481;3.0,2.0,3.16992500144,3.0,
1128	0.000000;
1129	0.000000;
1131	0.000000;
1131	0.000000;
1132	0.000000;
1133	1.292481;1.0,1.58496250072,
1134	0.000000;
1135	0.000000;
1137	2.228249;2.0,3.0,1.0,3.58496250072,1.0,2.80735492206,2.0,2.32192809489,4.85798099513,2.32192809489,2.58496250072,3.58496250072,1.0,1.0,1.0,3.45943161864,1.0,1.58496250072,
1138	2.149150;1.0,1.0,3.0,2.80735492206,1.0,2.0,4.58496250072,2.80735492206,1.0,1.0,3.80735492206,5.20945336563,1.0,1.58496250072,1.58496250072,1.0,
1139	2.904749;2.32192809489,2.80735492206,3.58496250072,
1140	0.000000;
1141	0.000000;
1142	1.951360;2.0,2.58496250072,1.58496250072,1.0,3.0,2.80735492206,1.0,2.0,1.58496250072,
1143	3.604727;6.20945336563,1.0,
1144	0.000000;
1145	2.194988;1.0,3.58496250072,2.0,
1146	0.000000;
1147	0.000000;
1148	0.000000;
1148	0.000000;
1149	0.000000;
1150	0.000000;
1150	0.000000;
1151	0.000000;
1152	2.636588;1.0,4.80735492206,1.58496250072,1.58496250072,3.32192809489,3.70043971814,1.0,3.0,1.58496250072,1.58496250072,5.83289001416,
1153	3.174523;1.0,2.80735492206,4.58496250072,5.20945336563,4.58496250072,1.0,1.0,5.20945336563,
1154	1.000000;1.0,1.0,1.0,1.0,1.0,
1155	2.108293;1.58496250072,2.0,2.58496250072,1.0,2.0,4.32192809489,3.0,3.0,2.32192809489,1.0,2.58496250072,1.0,2.58496250072,2.32192809489,2.0,1.0,3.58496250072,1.0,1.58496250072,3.90689059561,1.0,1.0,
1156	0.000000;
1156	0.000000;
1157	0.000000;
1158	0.000000;
1159	0.000000;
1160	0.000000;
1161	0.000000;
1162	1.000000;1.0,
1163	0.000000;
1164	1.990071;4.45943161864,2.80735492206,1.0,1.0,3.32192809489,1.0,1.0,1.0,2.32192809489,
1165	1.000000;1.0,1.0,1.0,1.0,1.0,1.0,1.0,1.0,1.0,1.0,1.0,
1166	0.000000;
1167	1.194988;1.0,1.58496250072,1.0,
1169	0.000000;
1170	1.658112;1.58496250072,1.0,1.0,1.58496250072,3.58496250072,1.0,2.0,2.32192809489,1.0,1.0,1.0,1.58496250072,1.0,1.0,3.16992500144,1.58496250072,4.08746284125,1.0,1.0,
1171	0.000000;
1172	0.000000;
1173	0.000000;
1174	0.000000;
1175	0.000000;
1176	0.000000;
1177	0.000000;
1178	3.204695;4.08746284125,2.32192809489,
1178	0.000000;
1179	1.781378;2.0,3.32192809489,1.0,1.0,1.58496250072,
1180	0.000000;
1181	0.000000;
1182	2.333333;4.0,2.0,1.0,
1183	0.000000;
1184	2.081976;2.58496250072,1.0,1.58496250072,4.32192809489,2.0,1.0,
1185	0.000000;
1185	1.000000;1.0,1.0,1.0,
1186	3.173797;5.08746284125,1.58496250072,1.58496250072,2.32192809489,1.58496250072,6.94251450534,3.70043971814,5.93073733756,2.0,1.0,
1187	0.000000;
1187	0.000000;
1188	0.000000;
1189	0.000000;
1190	0.000000;
1191	0.000000;
1192	0.000000;
1193	0.000000;
1194	1.233985;1.58496250072,1.58496250072,1.0,1.0,1.0,
1195	0.000000;
1196	0.000000;
1197	0.000000;
1197	0.000000;
1198	0.000000;
1199	3.000000;3.0,
1200	0.000000;
1201	1.000000;1.0,1.0,1.0,1.0,1.0,
1202	0.000000;
1202	1.584963;1.58496250072,
1203	0.000000;
1204	0.000000;
1205	2.068003;1.0,2.32192809489,2.32192809489,1.0,2.80735492206,2.32192809489,2.0,2.32192809489,2.0,2.58496250072,
1207	0.000000;
1208	1.000000;1.0,
1209	0.000000;
1209	0.000000;
1210	6.370579;1.58496250072,7.96578428466,7.96578428466,1.58496250072,7.96578428466,7.96578428466,7.96578428466,7.96578428466,
1211	0.000000;
1212	0.000000;
1213	0.000000;
1213	2.754202;5.20945336563,2.0,2.80735492206,1.0,
1214	0.000000;
1215	0.000000;
1217	0.000000;
1218	0.000000;
1219	0.000000;
1220	0.000000;
1221	1.909304;1.0,3.0,6.1497471195,1.0,1.0,1.0,1.0,1.0,1.58496250072,1.0,1.0,2.80735492206,1.58496250072,1.0,1.0,1.0,3.0,1.0,6.1497471195,
1222	0.000000;
1224	0.000000;
1224	2.327380;4.58496250072,2.80735492206,2.0,2.0,1.0,1.58496250072,2.32192809489,1.0,1.0,4.58496250072,3.45943161864,1.58496250072,
1225	0.000000;
1226	0.000000;
1226	0.000000;
1227	0.000000;
1228	0.000000;
1229	0.000000;
1229	0.000000;
1230	0.000000;
1231	0.000000;
1232	3.433069;3.90689059561,5.39231742278,1.0,
1233	1.000000;1.0,1.0,1.0,1.0,1.0,1.0,1.0,1.0,1.0,1.0,1.0,
1234	0.000000;
1235	0.000000;
1236	0.000000;
1237	0.000000;
1238	1.000000;1.0,
1238	0.000000;
1239	1.653797;1.58496250072,1.58496250072,2.80735492206,2.32192809489,1.0,1.58496250072,1.0,2.0,1.0,
1240	0.000000;
1240	0.000000;
1241	1.992427;1.58496250072,1.58496250072,2.80735492206,
1242	3.307249;3.45943161864,1.58496250072,2.32192809489,4.58496250072,4.58496250072,
1242	4.000000;4.0,
1243	1.868198;1.58496250072,1.0,3.32192809489,1.0,3.32192809489,1.0,2.58496250072,2.0,1.0,
1245	0.000000;
1246	0.000000;
1247	2.592868;2.0,1.58496250072,1.58496250072,2.58496250072,5.20945336563,
1248	0.000000;
1249	2.065516;3.58496250072,1.0,1.58496250072,1.0,1.0,4.32192809489,2.32192809489,2.32192809489,3.0,1.0,1.58496250072,
1250	0.000000;
1251	1.000000;1.0,
1252	0.000000;
1252	0.000000;
1253	0.000000;
1254	0.000000;
1255	0.000000;
1257	0.000000;
1258	2.248738;1.58496250072,2.32192809489,2.80735492206,2.80735492206,1.0,2.32192809489,2.32192809489,1.0,2.32192809489,4.0,
1259	0.000000;
1259	2.737514;3.0,4.80735492206,1.58496250072,4.80735492206,1.0,3.70043971814,3.70043971814,4.80735492206,1.0,1.0,1.0,1.58496250072,4.80735492206,3.0,1.0,3.0,
1260	0.000000;
1261	0.000000;
1262	2.321928;2.32192809489,2.32192809489,
1263	1.589281;1.0,2.32192809489,1.0,1.0,3.80735492206,1.58496250072,1.0,1.0,
1264	0.000000;
1265	1.584963;1.58496250072,
1266	0.000000;
1267	0.000000;
1268	0.000000;
1270	2.321928;2.32192809489,2.32192809489,2.32192809489,
1271	1.598079;1.0,1.58496250072,1.0,2.80735492206,
1271	1.598079;1.0,1.58496250072,1.0,2.80735492206,
1272	2.199821;3.32192809489,2.58496250072,1.0,1.58496250072,2.0,3.32192809489,1.58496250072,
1273	2.226423;3.0,3.0,3.0,1.58496250072,3.0,1.0,1.0,
1274	2.069309;1.0,1.0,1.0,1.58496250072,1.0,4.16992500144,1.58496250072,4.16992500144,3.0,3.0,2.32192809489,1.0,
1275	2.063722;3.16992500144,2.0,1.0,1.0,1.0,2.0,3.16992500144,3.16992500144,
1275	0.000000;
1276	1.000000;1.0,
1276	0.000000;
1277	2.451838;1.0,1.58496250072,2.32192809489,3.45943161864,3.45943161864,3.45943161864,1.0,2.32192809489,3.45943161864,
1277	2.325449;1.0,1.58496250072,2.32192809489,3.45943161864,3.45943161864,2.32192809489,1.0,2.32192809489,3.45943161864,
1278	2.440643;3.32192809489,2.0,3.32192809489,2.0,2.0,2.0,
1278	2.053655;2.0,2.0,1.0,3.32192809489,2.0,2.0,
1279	1.750698;1.0,3.16992500144,3.16992500144,2.0,2.0,2.0,1.0,3.16992500144,2.0,1.0,1.0,1.0,1.0,1.0,
1280	3.095134;2.58496250072,3.0,3.70043971814,
1281	1.355156;1.58496250072,1.0,1.58496250072,1.0,1.58496250072,1.0,1.0,1.58496250072,1.0,1.58496250072,1.58496250072,1.58496250072,1.0,1.58496250072,1.0,1.0,1.58496250072,1.0,1.0,1.58496250072,1.58496250072,1.58496250072,1.58496250072,1.58496250072,1.58496250072,1.0,1.58496250072,1.58496250072,
1282	0.000000;
1283	1.795456;2.80735492206,1.58496250072,1.58496250072,2.0,1.0,
1284	0.000000;
1285	0.000000;
1286	0.000000;
1287	0.000000;
1288	0.000000;
1290	0.000000;
1291	0.000000;
1292	0.000000;
1292	0.000000;
1293	0.000000;
1293	0.000000;
1294	0.000000;
1295	0.000000;
1296	0.000000;
1297	0.000000;
1298	0.000000;
1299	0.000000;
1300	0.000000;
1301	0.000000;
1303	0.000000;
1304	0.000000;
1305	0.000000;
1306	1.233985;1.0,1.58496250072,1.0,1.58496250072,1.0,
1307	0.000000;
1308	0.000000;
1309	0.000000;
1310	2.338622;1.0,1.58496250072,4.08746284125,2.32192809489,2.0,3.0,1.58496250072,4.52356195606,2.80735492206,2.58496250072,2.32192809489,1.0,1.58496250072,
1311	0.000000;
1312	0.000000;
1313	0.000000;
1314	0.000000;
1315	0.000000;
1315	0.000000;
1316	0.000000;
1317	0.000000;
1317	0.000000;
1318	0.000000;
1319	0.000000;
1320	0.000000;
1321	1.000000;1.0,1.0,
1321	2.106062;2.58496250072,1.0,2.0,2.0,1.58496250072,1.58496250072,2.58496250072,2.80735492206,2.80735492206,
1322	0.000000;
1322	2.319811;1.0,2.0,1.0,4.45943161864,4.45943161864,1.0,
1323	0.000000;
1323	2.752463;1.58496250072,4.08746284125,2.58496250072,
1325	0.000000;
1326	1.683170;1.0,1.0,1.0,1.0,1.0,1.58496250072,1.58496250072,3.90689059561,1.58496250072,3.16992500144,
1327	1.584963;1.58496250072,1.58496250072,
1328	0.000000;
1328	1.723308;1.58496250072,1.0,2.58496250072,
1329	1.723308;1.58496250072,1.0,2.58496250072,
1330	0.000000;
1331	0.000000;
1332	3.549918;5.61470984412,1.58496250072,2.0,5.0,
1333	3.807355;3.80735492206,
1334	0.000000;
1335	1.000000;1.0,1.0,
1336	0.000000;
1337	0.000000;
1337	0.000000;
1338	0.000000;
1339	0.000000;
1339	2.310247;2.32192809489,2.58496250072,2.58496250072,2.58496250072,1.58496250072,1.58496250072,2.58496250072,2.58496250072,2.58496250072,2.58496250072,2.58496250072,2.58496250072,2.58496250072,2.0,2.58496250072,1.0,2.32192809489,1.58496250072,2.58496250072,2.58496250072,1.0,2.32192809489,2.58496250072,1.0,2.58496250072,2.58496250072,2.58496250072,2.58496250072,2.58496250072,2.58496250072,2.58496250072,2.58496250072,2.58496250072,2.58496250072,2.58496250072,2.58496250072,2.58496250072,1.0,2.58496250072,
1340	2.437224;1.58496250072,3.32192809489,1.0,2.58496250072,2.58496250072,1.58496250072,4.90689059561,2.58496250072,2.0,1.0,4.90689059561,2.32192809489,2.58496250072,1.58496250072,3.0,1.0,3.16992500144,2.0,2.58496250072,
1341	0.000000;
1343	0.000000;
1344	1.584963;1.58496250072,
1345	0.000000;
1346	0.000000;
1346	2.292481;3.58496250072,1.0,
1347	3.843906;4.95419631039,4.58496250072,4.0,4.45943161864,1.0,4.95419631039,1.0,4.75488750216,4.95419631039,5.12928301694,1.58496250072,5.12928301694,5.35755200462,5.35755200462,5.35755200462,1.0,5.35755200462,1.0,1.58496250072,5.35755200462,
1348	2.783437;4.08746284125,1.0,2.32192809489,3.70043971814,2.80735492206,
1349	1.000000;1.0,1.0,
1351	0.000000;
1351	0.000000;
1352	0.000000;
1353	2.093772;2.0,6.64385618977,3.0,1.58496250072,1.0,3.32192809489,1.58496250072,1.0,1.0,1.0,3.45943161864,1.0,1.0,1.58496250072,3.70043971814,2.80735492206,1.0,1.0,
1354	2.673481;5.20945336563,2.32192809489,3.32192809489,2.58496250072,3.32192809489,3.70043971814,2.32192809489,1.58496250072,2.80735492206,2.32192809489,1.58496250072,1.0,
1355	0.000000;
1356	0.000000;
1356	0.000000;
1357	0.000000;
1357	1.581378;1.58496250072,2.0,2.32192809489,1.0,1.0,
1359	0.000000;
1360	2.318398;2.80735492206,2.80735492206,1.58496250072,2.80735492206,1.58496250072,
1361	2.282469;3.0,1.0,3.0,1.58496250072,1.0,1.58496250072,4.80735492206,
1362	0.000000;
1363	2.533091;2.0,2.0,1.58496250072,4.24792751344,2.32192809489,2.32192809489,1.0,3.16992500144,4.24792751344,2.32192809489,2.32192809489,3.16992500144,3.16992500144,1.58496250072,
1364	1.811967;2.0,2.58496250072,2.58496250072,1.0,1.0,2.0,2.0,1.58496250072,2.0,1.0,2.32192809489,2.32192809489,1.58496250072,1.58496250072,1.0,2.0,2.80735492206,1.58496250072,2.80735492206,2.32192809489,1.0,1.0,1.58496250072,
1365	3.332356;1.0,5.32192809489,3.16992500144,2.58496250072,4.58496250072,
1366	0.000000;
1367	0.000000;
1368	0.000000;
1369	1.646241;1.0,2.0,2.58496250072,1.0,
1370	2.188722;4.75488750216,1.0,1.0,2.0,
1371	1.853897;2.0,1.0,2.0,1.0,1.58496250072,1.58496250072,3.80735492206,
1372	2.236345;1.0,1.58496250072,3.70043971814,1.58496250072,3.32192809489,1.0,1.0,1.0,1.0,4.24792751344,1.0,5.08746284125,2.32192809489,1.0,4.45943161864,1.0,1.58496250072,2.0,4.24792751344,2.58496250072,
1373	2.000000;2.0,
1374	0.000000;
1375	0.000000;
1376	0.000000;
1377	1.584963;1.58496250072,
1378	3.064642;1.0,5.12928301694,
1379	0.000000;
1380	2.584963;3.58496250072,1.58496250072,
1381	0.000000;
1382	2.439530;3.32192809489,1.58496250072,1.0,2.32192809489,6.61470984412,3.0,1.0,1.58496250072,1.0,2.0,1.58496250072,3.70043971814,3.0,
1383	1.314980;1.58496250072,1.58496250072,1.58496250072,1.0,1.0,1.0,1.0,1.58496250072,1.58496250072,1.58496250072,1.0,1.0,1.58496250072,
1384	1.000000;1.0,1.0,
1385	0.000000;
1386	0.000000;
1387	0.000000;
1388	0.000000;
1389	0.000000;
1390	2.403677;2.80735492206,2.0,
1392	0.000000;
1393	0.000000;
1394	0.000000;
1395	1.731084;1.0,3.32192809489,3.0,1.0,1.0,2.80735492206,3.16992500144,1.58496250072,2.80735492206,1.0,2.0,1.0,2.80735492206,1.0,1.0,1.0,1.0,1.0,2.0,1.58496250072,2.0,1.0,
1396	0.000000;
1397	0.000000;
1398	0.000000;
1399	0.000000;
1400	0.000000;
1401	0.000000;
1402	0.000000;
1403	0.000000;
1404	0.000000;
1404	0.000000;
1405	0.000000;
1406	0.000000;
1409	0.000000;
1410	0.000000;
1411	0.000000;
1412	0.000000;
1414	0.000000;
1415	0.000000;
1415	0.000000;
1416	0.000000;
1417	0.000000;
1418	0.000000;
1419	0.000000;
1420	0.000000;
1421	0.000000;
1423	0.000000;
1424	0.000000;
1424	0.000000;
1425	2.160964;2.0,2.32192809489,
1426	0.000000;
1428	0.000000;
1429	0.000000;
1429	0.000000;
1430	0.000000;
1430	0.000000;
1431	0.000000;
1432	0.000000;
1433	0.000000;
1434	2.033969;1.0,2.0,2.58496250072,1.0,1.58496250072,2.0,1.58496250072,3.32192809489,2.0,1.58496250072,2.32192809489,5.49185309633,1.0,1.0,
1435	1.854408;1.0,1.58496250072,1.0,4.85798099513,1.58496250072,2.80735492206,1.0,1.0,
1436	0.000000;
1437	0.000000;
1439	1.000000;1.0,
1440	2.082643;1.0,1.0,4.24792751344,
1441	1.581378;1.58496250072,1.0,1.0,3.32192809489,1.0,
1442	2.201824;1.0,2.0,3.58496250072,2.32192809489,2.58496250072,1.0,1.0,1.0,1.0,6.08746284125,1.58496250072,1.0,4.45943161864,
1443	0.000000;
1444	0.000000;
1445	0.000000;
1446	0.000000;
1447	0.000000;
1448	0.000000;
1449	0.000000;
1449	0.000000;
1450	0.000000;
1451	0.000000;
1452	0.000000;
1453	0.000000;
1453	0.000000;
1454	3.068798;4.08746284125,2.32192809489,2.32192809489,5.32192809489,3.45943161864,1.0,1.0,4.85798099513,3.90689059561,1.0,6.93073733756,3.16992500144,2.58496250072,1.0,
1455	1.730757;1.0,4.32192809489,2.32192809489,1.0,2.58496250072,2.58496250072,2.58496250072,1.0,1.0,1.0,1.58496250072,1.58496250072,1.58496250072,1.0,1.0,1.0,1.0,3.0,
1456	1.941015;2.0,1.0,1.58496250072,3.32192809489,1.0,2.80735492206,1.58496250072,1.0,3.16992500144,
1457	0.000000;
1458	0.000000;
1459	0.000000;
1460	0.000000;
1461	1.389975;1.0,1.58496250072,1.58496250072,
1461	0.000000;
1462	3.283927;2.58496250072,2.32192809489,6.64385618977,1.58496250072,
1463	0.000000;
1464	0.000000;
1465	0.000000;
1466	0.000000;
1467	0.000000;
1468	0.000000;
1469	2.126534;2.58496250072,1.58496250072,2.0,2.58496250072,4.08746284125,1.0,1.58496250072,1.58496250072,
1470	0.000000;
1470	0.000000;
1471	0.000000;
1471	0.000000;
1472	2.215363;1.0,3.16992500144,3.58496250072,1.0,2.32192809489,
1473	1.860289;2.58496250072,1.58496250072,1.58496250072,3.70043971814,1.0,1.0,1.0,2.0,2.32192809489,3.45943161864,1.0,1.0,2.80735492206,1.0,
1474	0.000000;
1475	1.000000;1.0,
1476	0.000000;
1477	0.000000;
1478	0.000000;
1479	2.707249;3.45943161864,1.58496250072,4.58496250072,2.32192809489,1.58496250072,
1480	0.000000;
1481	0.000000;
1481	0.000000;
1482	0.000000;
1483	0.000000;
1484	1.558258;1.58496250072,1.58496250072,1.58496250072,1.0,1.58496250072,1.58496250072,2.0,1.58496250072,2.0,1.58496250072,1.0,1.0,1.58496250072,1.58496250072,2.0,1.0,1.58496250072,2.0,2.0,2.0,1.0,2.0,1.0,1.58496250072,1.0,1.58496250072,2.0,1.58496250072,1.58496250072,
1485	0.000000;
1486	0.000000;
1487	0.000000;
1488	0.000000;
1488	0.000000;
1489	0.000000;
1490	0.000000;
1490	1.344361;1.0,1.0,1.0,1.0,3.16992500144,1.0,1.0,1.58496250072,
1491	0.000000;
1491	0.000000;
1492	0.000000;
1493	2.403348;1.0,1.0,1.0,3.0,3.70043971814,4.39231742278,1.58496250072,2.0,1.0,5.67242534197,1.0,4.0,1.0,3.45943161864,1.0,1.0,2.58496250072,2.0,2.0,5.67242534197,
1494	0.000000;
1497	0.000000;
1498	1.507682;2.32192809489,1.0,1.58496250072,1.58496250072,2.0,2.58496250072,1.0,1.0,1.0,1.0,
1499	1.507682;2.32192809489,1.0,1.58496250072,1.58496250072,2.0,2.58496250072,1.0,1.0,1.0,1.0,
1500	0.000000;
1500	0.000000;
1501	0.000000;
1501	0.000000;
1502	0.000000;
1503	0.000000;
1503	0.000000;
1504	0.000000;
1505	0.000000;
1506	1.925388;1.0,3.58496250072,4.16992500144,1.0,1.58496250072,1.58496250072,1.0,1.58496250072,1.58496250072,1.0,1.58496250072,1.0,2.80735492206,2.0,3.58496250072,1.0,1.0,3.58496250072,
1507	0.000000;
1508	0.000000;
1509	0.000000;
1510	0.000000;
1511	0.000000;
1512	0.000000;
1513	0.000000;
1514	0.000000;
1515	0.000000;
1516	1.968964;1.0,2.58496250072,2.32192809489,
1517	0.000000;
1517	2.373788;1.0,4.0,1.58496250072,1.0,1.0,6.68650052718,1.58496250072,2.0,1.58496250072,4.24792751344,2.0,1.58496250072,2.58496250072,
1518	2.373788;1.0,4.0,1.58496250072,1.0,1.0,6.68650052718,1.58496250072,2.0,1.58496250072,4.24792751344,2.0,1.58496250072,2.58496250072,
1519	1.000000;1.0,
1521	0.000000;
1521	0.000000;
1522	0.000000;
1524	0.000000;
1526	1.584963;1.58496250072,
1527	0.000000;
1528	0.000000;
1529	0.000000;
1531	0.000000;
1532	0.000000;
1533	0.000000;
1533	0.000000;
1534	0.000000;
1534	0.000000;
1535	0.000000;
1535	0.000000;
1536	0.000000;
1536	0.000000;
1536	0.000000;
1537	0.000000;
1537	0.000000;
1537	0.000000;
1538	0.000000;
1539	0.000000;
1540	0.000000;
1540	0.000000;
1541	0.000000;
1542	0.000000;
1542	0.000000;
1543	0.000000;
1543	0.000000;
1543	0.000000;
1544	0.000000;
1544	0.000000;
1545	0.000000;
1546	0.000000;
1547	0.000000;
1548	0.000000;
1549	0.000000;
1550	0.000000;
1550	0.000000;
1551	0.000000;
1552	0.000000;
1553	0.000000;
1554	2.321928;2.32192809489,
1555	0.000000;
1555	0.000000;
1556	0.000000;
1556	0.000000;
1557	2.652460;1.0,1.0,3.70043971814,1.58496250072,6.62935662008,2.0,
1558	0.000000;
1559	0.000000;
1560	0.000000;
1560	0.000000;
1561	0.000000;
1562	0.000000;
1564	0.000000;
1564	0.000000;
1565	0.000000;
1566	0.000000;
1566	0.000000;
1568	0.000000;
1569	0.000000;
1570	0.000000;
1571	0.000000;
1572	0.000000;
1573	0.000000;
1573	0.000000;
1574	3.524574;4.16992500144,1.58496250072,4.95419631039,3.58496250072,1.58496250072,4.95419631039,4.95419631039,3.32192809489,4.45943161864,2.0,3.32192809489,4.45943161864,3.45943161864,1.0,4.45943161864,4.95419631039,4.16992500144,4.45943161864,4.95419631039,1.0,4.08746284125,4.45943161864,1.0,3.0,4.95419631039,2.58496250072,4.75488750216,1.0,3.16992500144,1.58496250072,4.0,4.95419631039,4.95419631039,
1574	0.000000;
1575	0.000000;
1576	0.000000;
1577	1.000000;1.0,
1578	0.000000;
1578	0.000000;
1579	1.951783;3.45943161864,1.58496250072,1.0,2.32192809489,3.45943161864,1.0,3.32192809489,2.32192809489,1.0,1.0,1.0,
1580	1.792481;4.0,1.0,1.58496250072,1.0,1.58496250072,1.58496250072,
1581	1.000000;1.0,1.0,1.0,1.0,1.0,1.0,
1582	0.000000;
1582	0.000000;
1582	0.000000;
1582	0.000000;
1582	0.000000;
1583	0.000000;
1584	1.862899;3.70043971814,1.0,1.0,1.58496250072,1.58496250072,1.58496250072,2.58496250072,
1585	0.000000;
1586	2.877444;2.58496250072,3.16992500144,
1587	0.000000;
1589	0.000000;
1589	0.000000;
1590	1.000000;1.0,
1591	1.725919;2.0,1.0,2.0,3.80735492206,2.0,1.0,1.0,1.0,
1592	1.584963;1.58496250072,1.58496250072,1.58496250072,1.58496250072,1.58496250072,1.58496250072,
1593	1.909636;3.45943161864,1.0,1.58496250072,3.16992500144,2.0,2.0,1.58496250072,2.58496250072,1.0,2.58496250072,1.0,1.0,3.0,1.58496250072,1.0,2.0,
1594	2.296125;3.16992500144,3.16992500144,1.0,1.0,2.0,2.0,2.0,2.0,2.0,3.16992500144,3.16992500144,2.0,3.16992500144,
1595	2.745927;1.58496250072,3.90689059561,
1596	2.131762;1.0,1.0,1.58496250072,1.58496250072,1.0,3.80735492206,1.58496250072,5.49185309633,
1597	3.461984;1.58496250072,1.0,5.28540221886,1.0,6.30378074818,3.90689059561,1.58496250072,3.16992500144,7.32192809489,
1598	0.000000;
1599	0.000000;
1600	0.000000;
1601	0.000000;
1602	2.535896;2.0,1.0,5.35755200462,3.32192809489,1.0,
1603	2.130772;1.0,4.39231742278,1.0,
1604	0.000000;
1605	0.000000;
1606	0.000000;
1607	0.000000;
1608	0.000000;
1609	0.000000;
1610	0.000000;
1611	0.000000;
1612	2.321928;2.32192809489,
1614	3.162426;4.08746284125,4.39231742278,1.0,3.16992500144,
1615	0.000000;
1616	0.000000;
1617	2.262489;4.45943161864,2.32192809489,2.32192809489,4.64385618977,1.0,1.0,1.0,5.49185309633,1.58496250072,1.0,1.0,5.16992500144,1.0,1.0,1.0,1.0,1.0,1.58496250072,1.58496250072,1.58496250072,1.0,2.58496250072,7.53915881111,1.58496250072,4.45943161864,1.58496250072,1.58496250072,
1618	1.000000;1.0,1.0,1.0,1.0,1.0,1.0,1.0,1.0,1.0,1.0,1.0,
1620	1.918342;1.58496250072,1.58496250072,1.58496250072,2.80735492206,2.80735492206,1.58496250072,1.58496250072,1.58496250072,1.58496250072,1.58496250072,2.80735492206,
1621	1.938279;4.52356195606,1.0,1.58496250072,1.0,1.0,1.0,3.45943161864,
1622	3.453445;2.58496250072,4.32192809489,
1623	0.000000;
1624	0.000000;
1625	0.000000;
1626	1.844900;1.0,1.0,2.32192809489,1.0,1.0,1.58496250072,6.58496250072,1.0,2.32192809489,1.58496250072,2.58496250072,1.0,1.0,
1627	2.470564;2.32192809489,2.32192809489,1.58496250072,1.0,1.0,1.0,1.58496250072,2.58496250072,5.88264304936,1.0,6.89481776331,
1628	2.234181;6.24792751344,3.16992500144,3.0,4.39231742278,2.0,2.0,1.0,1.0,1.0,1.0,1.0,1.0,
1629	2.599348;1.58496250072,3.45943161864,3.70043971814,1.0,2.80735492206,2.58496250072,3.70043971814,1.0,3.80735492206,2.32192809489,1.0,3.70043971814,3.80735492206,1.58496250072,1.0,3.32192809489,3.80735492206,
1631	0.000000;
1631	0.000000;
1632	0.000000;
1633	2.510905;2.58496250072,6.83289001416,2.32192809489,1.58496250072,2.58496250072,1.58496250072,2.0,3.90689059561,3.0,3.32192809489,1.58496250072,1.0,3.32192809489,1.0,1.0,2.32192809489,2.58496250072,1.0,4.16992500144,
1634	0.000000;
1635	0.000000;
1636	0.000000;
1637	0.000000;
1638	0.000000;
1639	0.000000;
1640	0.000000;
1641	2.427450;1.58496250072,4.0,5.04439411936,2.0,1.0,1.0,3.32192809489,1.0,5.04439411936,2.80735492206,2.80735492206,2.32192809489,1.58496250072,1.0,1.0,3.32192809489,
1642	2.136517;1.0,1.58496250072,1.58496250072,2.80735492206,4.16992500144,1.0,5.58496250072,3.0,1.58496250072,1.0,3.0,1.0,3.90689059561,1.0,4.52356195606,1.0,2.80735492206,1.0,1.0,1.58496250072,1.0,1.0,3.0,
1643	0.000000;
1644	0.000000;
1645	0.000000;
1647	0.000000;
1648	1.000000;1.0,
1649	0.000000;
1650	0.000000;
1650	0.000000;
1651	3.169925;3.16992500144,
1652	0.000000;
1653	0.000000;
1653	0.000000;
1654	0.000000;
1654	0.000000;
1655	2.012981;1.58496250072,1.0,1.0,1.0,2.58496250072,3.70043971814,1.0,3.0,3.70043971814,1.0,3.0,1.58496250072,
1656	4.459432;4.45943161864,
1657	2.347061;1.0,2.80735492206,1.0,5.9772799235,1.0,5.9772799235,4.32192809489,2.80735492206,3.16992500144,1.0,1.0,1.0,1.0,1.58496250072,1.58496250072,2.32192809489,
1658	0.000000;
1659	0.000000;
1663	0.000000;
1664	0.000000;
1665	2.160964;2.0,2.32192809489,
1666	0.000000;
1667	0.000000;
1668	1.000000;1.0,
1669	0.000000;
1670	1.584963;1.58496250072,1.58496250072,
1671	0.000000;
1672	0.000000;
1673	0.000000;
1674	2.576609;1.0,2.0,2.58496250072,1.0,1.0,3.0,6.85798099513,3.16992500144,
1675	1.764971;2.80735492206,1.58496250072,1.0,1.0,1.0,5.08746284125,1.0,1.58496250072,1.0,1.58496250072,
1676	2.230757;2.0,1.0,3.0,2.58496250072,2.0,1.0,5.49185309633,2.0,1.0,
1677	0.000000;
1678	0.000000;
1679	1.861654;1.58496250072,2.0,2.0,
1680	2.110521;1.0,1.0,3.0,2.58496250072,4.39231742278,1.0,2.32192809489,1.58496250072,
1681	2.086362;2.58496250072,3.70043971814,1.0,2.0,3.90689059561,1.58496250072,2.0,1.0,1.0,
1682	1.000000;1.0,1.0,
1683	1.440643;1.0,1.0,2.32192809489,
1684	0.000000;
1685	5.906891;5.90689059561,
1686	0.000000;
1688	0.000000;
1689	1.846793;1.58496250072,3.32192809489,1.0,2.80735492206,1.0,2.32192809489,2.58496250072,1.0,1.0,
1690	2.192706;2.58496250072,1.0,1.58496250072,4.32192809489,1.58496250072,2.0,4.32192809489,2.58496250072,1.0,2.0,1.0,1.0,4.32192809489,2.0,1.58496250072,
1691	2.698962;3.45943161864,3.0,1.58496250072,5.16992500144,3.45943161864,3.45943161864,3.0,1.58496250072,4.08746284125,1.0,3.45943161864,1.0,2.32192809489,2.58496250072,4.08746284125,2.0,2.32192809489,1.0,
1692	3.000000;3.0,
1692	1.000000;1.0,
1693	0.000000;
1694	0.000000;
1695	1.916993;2.0,2.0,1.58496250072,2.0,2.0,
1696	0.000000;
1697	0.000000;
1698	0.000000;
1699	0.000000;
1700	0.000000;
1701	3.169925;3.16992500144,
1702	0.000000;
1703	1.000000;1.0,
1704	0.000000;
1705	0.000000;
1707	1.872963;2.32192809489,2.0,1.58496250072,1.58496250072,
1708	1.584963;1.58496250072,
1709	2.199330;1.58496250072,1.58496250072,1.58496250072,2.0,3.32192809489,2.0,3.80735492206,2.0,1.0,1.0,3.70043971814,2.80735492206,
1710	0.000000;
1711	0.000000;
1712	1.404974;1.58496250072,1.58496250072,1.0,1.0,1.58496250072,1.58496250072,1.58496250072,1.58496250072,1.58496250072,1.58496250072,1.0,1.58496250072,1.0,
1713	0.000000;
1714	3.136434;3.80735492206,2.0,3.32192809489,2.58496250072,2.32192809489,1.0,6.91886323727,
1715	1.469361;1.0,1.58496250072,1.58496250072,1.0,1.0,2.0,2.0,1.58496250072,
1716	1.264160;1.0,1.58496250072,1.0,1.0,1.0,2.0,
1717	0.000000;
1717	1.000000;1.0,
1718	2.688722;1.0,5.0,3.16992500144,1.58496250072,
1719	0.000000;
1720	1.000000;1.0,1.0,1.0,1.0,1.0,1.0,1.0,1.0,1.0,1.0,
1721	0.000000;
1723	0.000000;
1724	0.000000;
1725	0.000000;
1726	0.000000;
1727	0.000000;
1728	0.000000;
1729	0.000000;
1730	0.000000;
1731	1.577771;1.0,1.0,1.0,1.0,4.45943161864,1.0,1.58496250072,
1731	0.000000;
1732	2.614708;3.45943161864,3.90689059561,3.32192809489,2.0,1.0,2.0,
1733	0.000000;
1734	2.446617;3.16992500144,2.58496250072,1.58496250072,
1736	0.000000;
1736	3.225310;2.58496250072,4.16992500144,1.58496250072,1.0,7.73470962023,6.72792045456,1.0,1.0,
1737	1.584963;1.58496250072,
1738	2.256182;3.32192809489,4.64385618977,1.0,3.58496250072,1.58496250072,2.0,1.58496250072,1.0,1.58496250072,
1739	0.000000;
1740	0.000000;
1741	0.000000;
1744	4.857981;4.85798099513,
1745	2.395562;2.0,4.95419631039,5.55458885168,1.58496250072,2.80735492206,1.0,2.80735492206,1.0,2.32192809489,1.58496250072,1.58496250072,2.80735492206,1.58496250072,3.90689059561,3.90689059561,2.58496250072,2.32192809489,1.58496250072,1.0,2.80735492206,1.58496250072,1.0,2.80735492206,
1746	2.438722;4.0,1.58496250072,3.16992500144,1.0,
1747	3.033945;3.80735492206,5.90689059561,2.0,2.32192809489,1.0,4.85798099513,4.24792751344,1.0,3.80735492206,2.0,5.90689059561,1.0,1.58496250072,
1747	0.000000;
1748	2.036296;3.0,2.0,3.80735492206,2.32192809489,1.0,2.32192809489,1.0,3.32192809489,5.20945336563,4.0,1.58496250072,1.0,1.0,2.0,1.0,1.58496250072,2.0,1.58496250072,2.0,1.0,2.0,1.0,2.58496250072,1.0,1.58496250072,
1749	2.000282;1.0,1.0,1.0,2.0,1.58496250072,2.0,5.24792751344,1.0,1.0,4.16992500144,
1750	2.391041;1.0,2.0,1.58496250072,1.58496250072,1.58496250072,1.58496250072,6.1497471195,1.58496250072,2.32192809489,2.58496250072,5.12928301694,2.0,1.0,2.58496250072,3.16992500144,
1751	0.000000;
1752	0.000000;
1754	3.592399;2.58496250072,5.39231742278,1.58496250072,4.80735492206,
1755	2.992427;3.58496250072,1.58496250072,3.80735492206,
1756	0.000000;
1757	1.903677;2.80735492206,1.0,
1758	0.000000;
1760	0.000000;
1761	2.236490;4.08746284125,1.0,2.32192809489,1.58496250072,3.80735492206,2.32192809489,2.32192809489,1.58496250072,2.0,1.0,1.0,3.80735492206,
1762	2.745723;4.39231742278,2.0,1.0,5.4262647547,1.58496250072,1.58496250072,4.39231742278,1.58496250072,
1764	0.000000;
1764	0.000000;
1765	2.909516;3.0,2.0,6.0,1.0,4.32192809489,1.0,4.95419631039,1.0,
1766	0.000000;
1767	0.000000;
1768	0.000000;
1769	0.000000;
1769	0.000000;
1770	0.000000;
1771	0.000000;
1772	0.000000;
1772	0.000000;
1773	1.505549;1.0,1.58496250072,1.0,1.0,1.0,3.45943161864,1.0,2.0,
1774	2.588744;1.0,1.58496250072,2.32192809489,1.58496250072,6.16992500144,3.45943161864,2.0,
1775	1.716535;2.80735492206,1.0,1.58496250072,2.32192809489,1.58496250072,1.0,
1775	0.000000;
1776	0.000000;
1777	1.728186;1.0,2.32192809489,1.0,2.0,2.32192809489,1.58496250072,1.0,2.0,1.0,2.0,2.32192809489,2.32192809489,1.0,2.32192809489,
1778	0.000000;
1779	2.000000;2.0,
1780	2.218663;2.0,4.64385618977,5.24792751344,3.80735492206,1.0,1.58496250072,1.0,1.58496250072,1.58496250072,1.0,1.58496250072,1.58496250072,
1781	1.584963;1.58496250072,
1782	0.000000;
1783	0.000000;
1784	0.000000;
1785	0.000000;
1786	0.000000;
1788	0.000000;
1789	2.144189;1.0,1.58496250072,1.58496250072,5.72792045456,2.0,2.32192809489,1.0,1.0,1.58496250072,1.0,2.0,1.58496250072,2.32192809489,2.32192809489,5.12928301694,
1790	0.000000;
1791	0.000000;
1791	0.000000;
1792	0.000000;
1793	2.504554;1.0,1.0,2.0,2.58496250072,2.32192809489,1.58496250072,4.90689059561,3.58496250072,1.0,2.58496250072,2.32192809489,3.70043971814,2.80735492206,3.58496250072,2.58496250072,
1793	3.459432;3.45943161864,
1794	1.000000;1.0,
1794	0.000000;
1795	2.692272;5.49185309633,1.0,1.58496250072,
1796	2.223816;1.0,2.80735492206,2.80735492206,2.80735492206,2.80735492206,2.80735492206,2.80735492206,1.0,2.0,2.58496250072,2.80735492206,2.80735492206,2.58496250072,2.80735492206,1.0,1.0,1.0,2.80735492206,1.0,1.0,2.32192809489,2.58496250072,2.80735492206,2.0,2.0,2.80735492206,2.58496250072,2.80735492206,2.32192809489,2.0,2.58496250072,2.32192809489,1.58496250072,2.80735492206,2.80735492206,1.0,1.0,1.58496250072,2.80735492206,2.80735492206,2.80735492206,2.80735492206,
1797	0.000000;
1798	0.000000;
1799	0.000000;
1800	1.000000;1.0,1.0,1.0,1.0,1.0,
1801	1.584963;1.58496250072,
1802	0.000000;
1803	0.000000;
1804	0.000000;
1805	1.542481;1.0,1.58496250072,1.0,2.58496250072,
1806	0.000000;
1807	0.000000;
1808	0.000000;
1809	0.000000;
1810	0.000000;
1811	0.000000;
1812	1.773976;2.32192809489,2.0,1.0,
1813	0.000000;
1814	0.000000;
1815	0.000000;
1816	0.000000;
1818	2.217755;2.58496250072,1.58496250072,2.0,1.0,1.0,2.32192809489,5.45943161864,3.32192809489,3.16992500144,1.0,1.58496250072,1.58496250072,
1819	1.660964;1.0,2.32192809489,
1820	0.000000;
1821	0.000000;
1822	0.000000;
1823	0.000000;
1824	0.000000;
1825	0.000000;
1826	0.000000;
1826	0.000000;
1827	0.000000;
1828	1.836348;3.0,1.0,2.0,1.0,2.0,2.32192809489,3.90689059561,1.0,2.80735492206,1.0,1.0,1.0,
1829	0.000000;
1830	3.169925;3.16992500144,
1831	2.584963;2.58496250072,
1832	0.000000;
1833	0.000000;
1834	1.528321;1.0,1.58496250072,2.0,
1835	0.000000;
1836	0.000000;
1837	0.000000;
1837	0.000000;
1838	1.886595;1.0,2.0,2.0,1.0,2.80735492206,1.0,3.70043971814,1.58496250072,
1839	0.000000;
1840	0.000000;
1841	0.000000;
1842	0.000000;
1843	0.000000;
1843	0.000000;
1845	0.000000;
1846	0.000000;
1847	0.000000;
1848	0.000000;
1849	0.000000;
1850	1.000000;1.0,
1851	0.000000;
1851	3.696159;3.58496250072,3.80735492206,
1852	0.000000;
1853	0.000000;
1854	0.000000;
1855	0.000000;
1856	0.000000;
1858	0.000000;
1859	0.000000;
1860	0.000000;
1861	2.182292;2.58496250072,2.0,1.58496250072,2.58496250072,3.45943161864,3.45943161864,3.45943161864,3.0,1.0,3.32192809489,1.0,2.32192809489,1.0,2.32192809489,1.0,2.0,1.0,
1862	2.355190;2.80735492206,2.0,3.16992500144,4.08746284125,4.08746284125,2.0,3.16992500144,1.58496250072,1.0,1.0,1.0,
1863	2.456334;1.0,1.58496250072,4.24792751344,4.24792751344,4.24792751344,2.32192809489,1.0,1.0,
1864	0.000000;
1865	0.000000;
1866	0.000000;
1867	0.000000;
1869	0.000000;
1870	0.000000;
1871	0.000000;
1872	0.000000;
1873	0.000000;
1874	0.000000;
1875	0.000000;
1876	0.000000;
1876	0.000000;
1877	0.000000;
1878	0.000000;
1878	0.000000;
1880	0.000000;
1881	0.000000;
1881	0.000000;
1882	1.000000;1.0,1.0,1.0,1.0,1.0,1.0,1.0,1.0,1.0,1.0,1.0,1.0,1.0,1.0,
1883	0.000000;
1884	2.077240;3.58496250072,4.32192809489,1.58496250072,2.32192809489,1.0,5.55458885168,1.0,3.70043971814,2.0,1.0,2.32192809489,1.0,1.0,1.0,1.58496250072,2.32192809489,1.0,1.58496250072,1.58496250072,
1885	1.550978;1.0,1.0,1.58496250072,1.58496250072,2.58496250072,
1886	0.000000;
1887	2.790244;1.0,6.7414669864,2.0,3.0,1.0,3.0,
1888	0.000000;
1889	0.000000;
1890	2.060851;2.0,2.58496250072,4.64385618977,2.0,1.0,2.0,1.0,1.0,1.0,1.58496250072,4.16992500144,1.0,2.80735492206,
1891	2.572313;3.45943161864,6.40939093614,4.75488750216,2.32192809489,1.58496250072,2.80735492206,1.58496250072,2.58496250072,1.58496250072,1.0,1.0,2.58496250072,1.58496250072,4.32192809489,1.0,
1891	0.000000;
1892	2.533538;2.58496250072,3.0,3.0,3.16992500144,1.0,2.80735492206,2.80735492206,2.32192809489,2.32192809489,2.32192809489,
1893	3.813021;1.0,3.0,2.0,4.39231742278,1.0,3.45943161864,7.94251450534,2.80735492206,4.85798099513,7.94251450534,3.70043971814,5.58496250072,2.80735492206,3.0,3.70043971814,
1893	0.000000;
1894	1.000000;1.0,1.0,1.0,1.0,
1895	1.643401;1.58496250072,1.58496250072,1.58496250072,1.0,2.58496250072,1.0,2.80735492206,1.0,
1896	0.000000;
1897	3.399880;2.0,1.0,1.0,7.91886323727,5.28540221886,4.24792751344,1.0,1.0,2.32192809489,1.58496250072,5.04439411936,5.88264304936,6.90689059561,7.91886323727,1.0,2.0,6.90689059561,3.45943161864,4.0,3.70043971814,1.58496250072,3.70043971814,1.58496250072,1.0,2.0,1.0,5.88264304936,3.80735492206,3.16992500144,4.08746284125,
1898	2.807355;2.80735492206,
1899	0.000000;
1899	2.649866;5.49185309633,1.0,4.45943161864,5.20945336563,1.0,3.16992500144,2.32192809489,2.80735492206,1.58496250072,2.0,1.0,1.0,3.16992500144,1.0,2.0,6.24792751344,1.58496250072,
1900	0.000000;
1901	0.000000;
1902	2.403677;2.80735492206,2.0,
1903	2.116254;2.0,1.0,1.0,1.0,5.49185309633,3.32192809489,1.0,
1904	0.000000;
1905	0.000000;
1905	2.532356;1.0,1.0,3.32192809489,4.75488750216,2.58496250072,
1906	0.000000;
1907	0.000000;
1908	0.000000;
1909	0.000000;
1910	0.000000;
1911	0.000000;
1912	0.000000;
1913	0.000000;
1914	3.251143;2.32192809489,3.70043971814,4.32192809489,2.0,2.32192809489,2.0,4.32192809489,1.0,5.39231742278,4.0,6.40939093614,1.58496250072,3.0,5.39231742278,1.0,
1915	2.559856;1.58496250072,1.58496250072,2.58496250072,3.45943161864,3.58496250072,
1916	0.000000;
1917	6.228819;6.2288186905,
1918	0.000000;
1919	0.000000;
1920	0.000000;
1921	0.000000;
1922	0.000000;
1923	0.000000;
1924	0.000000;
1925	0.000000;
1925	0.000000;
1926	0.000000;
1927	0.000000;
1928	2.430781;1.0,1.0,1.58496250072,5.16992500144,5.16992500144,2.32192809489,3.0,2.32192809489,1.58496250072,1.58496250072,2.0,
1929	0.000000;
1930	0.000000;
1931	0.000000;
1932	0.000000;
1934	0.000000;
1935	0.000000;
1936	0.000000;
1937	1.660964;2.32192809489,1.0,1.0,2.32192809489,
1938	2.292481;1.0,3.58496250072,
1939	0.000000;
1940	0.000000;
1941	0.000000;
1942	0.000000;
1943	1.898371;1.0,1.0,4.16992500144,1.0,2.32192809489,
1944	0.000000;
1945	0.000000;
1946	4.807355;4.80735492206,
1947	1.000000;1.0,
1948	0.000000;
1948	0.000000;
1949	0.000000;
1950	0.000000;
1951	0.000000;
1952	0.000000;
1952	0.000000;
1953	2.206052;1.0,3.16992500144,1.58496250072,1.0,1.0,2.32192809489,1.58496250072,3.16992500144,5.64385618977,1.58496250072,
1954	2.571800;1.0,3.0,1.0,5.12928301694,1.0,2.0,3.0,3.45943161864,1.0,5.12928301694,
1955	1.000000;1.0,
1956	1.292481;1.0,1.58496250072,
1957	0.000000;
1958	1.695456;1.0,1.0,1.58496250072,1.58496250072,2.80735492206,1.0,1.0,2.58496250072,1.58496250072,2.80735492206,
1959	1.000000;1.0,
1960	0.000000;
1961	0.000000;
1962	2.092473;2.0,1.0,1.0,5.83289001416,1.0,1.58496250072,1.0,3.32192809489,
1963	2.297648;1.0,1.0,1.58496250072,2.32192809489,2.80735492206,3.90689059561,4.52356195606,2.0,2.32192809489,3.70043971814,1.0,3.0,2.0,1.0,
1963	2.193985;1.0,1.0,1.0,1.58496250072,2.0,1.0,1.0,2.32192809489,1.0,4.0,6.12928301694,2.0,6.12928301694,1.58496250072,2.0,1.0,1.0,1.0,6.12928301694,1.0,
1963	0.000000;
1964	2.813476;3.32192809489,1.0,3.70043971814,2.58496250072,2.80735492206,5.78135971352,2.58496250072,1.0,1.0,4.08746284125,3.45943161864,1.0,2.0,3.16992500144,1.0,2.58496250072,3.16992500144,3.0,6.20945336563,2.80735492206,
1965	2.551161;4.80735492206,2.0,4.64385618977,2.58496250072,1.0,2.58496250072,1.0,2.80735492206,1.0,1.0,1.58496250072,1.0,1.0,1.0,2.0,2.58496250072,2.32192809489,7.6934869575,2.32192809489,6.08746284125,
1966	1.684569;2.0,2.32192809489,1.0,1.0,2.58496250072,1.58496250072,2.0,2.58496250072,1.0,1.58496250072,2.58496250072,1.0,1.0,2.32192809489,2.58496250072,2.32192809489,1.0,2.0,1.58496250072,1.0,1.0,1.0,
1967	2.321928;2.32192809489,
1968	0.000000;
1969	0.000000;
1969	0.000000;
1970	0.000000;
1971	0.000000;
1972	0.000000;
1973	0.000000;
1973	0.000000;
1973	0.000000;
1974	0.000000;
1974	0.000000;
1975	0.000000;
1975	0.000000;
1976	0.000000;
1977	2.642864;6.04439411936,2.58496250072,1.0,1.58496250072,2.0,
1978	1.953445;2.32192809489,1.58496250072,
1979	0.000000;
1980	0.000000;
1981	1.750267;6.02236781303,1.0,1.0,1.0,1.0,3.16992500144,1.58496250072,1.58496250072,2.58496250072,1.0,1.0,1.0,1.0,2.0,2.80735492206,1.0,1.0,
1982	0.000000;
1983	0.000000;
1984	5.567855;6.96578428466,4.16992500144,
1985	0.000000;
1986	0.000000;
1987	2.439545;4.0,2.32192809489,4.0,1.0,2.58496250072,1.58496250072,1.58496250072,
1988	1.740655;1.0,1.0,2.0,1.0,1.0,1.0,2.58496250072,3.16992500144,3.80735492206,1.0,1.58496250072,
1989	0.000000;
1990	2.819811;1.0,4.45943161864,3.0,
1991	0.000000;
1993	0.000000;
1994	0.000000;
1995	0.000000;
1996	2.653266;5.72792045456,3.0,1.0,2.32192809489,1.58496250072,1.0,2.58496250072,5.72792045456,1.0,2.58496250072,
1997	0.000000;
1998	2.547657;2.80735492206,6.32192809489,1.0,1.0,5.90689059561,2.32192809489,4.70043971814,1.58496250072,2.0,3.16992500144,3.45943161864,1.0,1.0,2.0,1.0,2.0,1.58496250072,3.0,
1999	1.867890;1.58496250072,3.70043971814,2.80735492206,1.0,1.0,1.0,2.0,1.0,4.0,1.0,1.0,2.32192809489,
2000	2.138527;1.0,1.0,3.58496250072,2.0,3.90689059561,1.58496250072,3.58496250072,1.0,1.58496250072,
2002	0.000000;
2003	1.000000;1.0,1.0,1.0,
2004	2.177232;2.0,1.0,1.58496250072,4.24792751344,2.0,3.58496250072,1.0,2.0,
2005	0.000000;
2006	0.000000;
2007	0.000000;
2008	0.000000;
2009	0.000000;
2011	1.709026;3.0,1.0,1.58496250072,5.04439411936,1.0,1.0,1.58496250072,1.0,1.0,1.58496250072,1.0,
2012	0.000000;
2013	0.000000;
2014	1.793220;1.0,2.80735492206,3.0,1.58496250072,2.32192809489,2.80735492206,1.0,1.0,1.58496250072,2.0,2.0,2.0,1.0,1.0,2.58496250072,1.0,
2015	4.087463;4.08746284125,
2016	0.000000;
2017	0.000000;
2018	2.807355;2.80735492206,
2019	0.000000;
2020	0.000000;
2021	0.000000;
2022	0.000000;
2023	1.927040;1.0,2.58496250072,1.58496250072,2.80735492206,1.58496250072,2.0,
2024	0.000000;
2024	0.000000;
2025	2.323120;3.0,3.0,3.0,1.0,1.58496250072,3.0,3.0,1.0,
2026	1.000000;1.0,
2027	0.000000;
2027	0.000000;
2028	2.274215;2.80735492206,2.58496250072,1.0,4.85798099513,1.0,1.58496250072,2.32192809489,1.0,4.0,1.58496250072,
2028	2.993436;5.9772799235,2.80735492206,4.95419631039,1.0,1.0,4.58496250072,1.0,4.08746284125,1.0,4.08746284125,4.32192809489,2.0,1.0,4.08746284125,
2029	1.584963;1.58496250072,
2030	1.000000;1.0,
2031	0.000000;
2032	0.000000;
2033	0.000000;
2035	2.938950;1.0,1.58496250072,6.79441586635,4.08746284125,2.32192809489,1.58496250072,3.16992500144,3.90689059561,2.0,
2036	0.000000;
2037	2.150978;2.58496250072,1.58496250072,2.0,2.0,2.58496250072,
2038	0.000000;
2039	0.000000;
2039	0.000000;
2040	0.000000;
2041	2.246422;4.64385618977,1.0,3.32192809489,1.58496250072,6.72792045456,1.0,1.58496250072,1.58496250072,2.58496250072,1.0,1.0,1.58496250072,1.58496250072,
2041	0.000000;
2042	0.000000;
2042	0.000000;
2044	3.132967;1.0,5.55458885168,3.16992500144,2.80735492206,
2044	2.848079;4.80735492206,1.0,2.0,3.58496250072,
2045	1.796658;1.0,1.0,4.0,1.0,1.58496250072,2.0,1.0,2.0,2.58496250072,
2046	2.529586;1.0,2.58496250072,1.0,3.16992500144,2.0,2.32192809489,3.70043971814,4.45943161864,
2047	0.000000;
2049	0.000000;
2050	0.000000;
2051	0.000000;
2053	0.000000;
2054	0.000000;
2055	0.000000;
2058	0.000000;
2059	0.000000;
2060	1.000000;1.0,1.0,1.0,1.0,1.0,1.0,1.0,1.0,1.0,1.0,1.0,1.0,1.0,1.0,1.0,1.0,1.0,
2061	1.000000;1.0,
2062	0.000000;
2063	0.000000;
2064	2.018095;1.58496250072,2.32192809489,2.0,2.32192809489,2.0,1.58496250072,2.32192809489,2.0,2.0,2.0,1.58496250072,2.32192809489,2.32192809489,1.58496250072,2.32192809489,
2065	0.000000;
2066	1.402162;1.0,1.58496250072,1.58496250072,1.0,1.58496250072,1.58496250072,1.58496250072,1.58496250072,1.0,1.58496250072,1.58496250072,1.0,1.0,1.58496250072,1.58496250072,1.58496250072,
2067	0.000000;
2068	0.000000;
2069	0.000000;
2070	0.000000;
2070	0.000000;
2071	0.000000;
2072	0.000000;
2074	2.187770;3.90689059561,2.0,3.45943161864,2.80735492206,1.58496250072,2.58496250072,1.0,3.16992500144,2.0,1.0,1.58496250072,2.32192809489,1.0,1.58496250072,2.80735492206,3.16992500144,3.0,1.58496250072,1.0,
2076	0.000000;
2077	0.000000;
2077	0.000000;
2078	1.903677;1.0,2.80735492206,
2079	0.000000;
2080	0.000000;
2080	0.000000;
2081	0.000000;
2082	0.000000;
2083	0.000000;
2084	2.015363;3.90689059561,2.58496250072,1.58496250072,1.0,1.0,
2090	0.000000;
2092	0.000000;
2093	0.000000;
2104	0.000000;
2107	0.000000;
2115	0.000000;
2119	0.000000;
2129	0.000000;
2130	0.000000;
2130	0.000000;
2131	0.000000;
2132	0.000000;
2135	0.000000;
2135	0.000000;
2136	0.000000;
2137	0.000000;
2137	0.000000;
2138	0.000000;
2139	0.000000;
2139	0.000000;
2139	0.000000;
2139	0.000000;
2141	0.000000;
2143	0.000000;
2143	0.000000;
2144	0.000000;
2145	0.000000;
2145	0.000000;
2148	0.000000;
2160	0.000000;
2161	0.000000;
2162	0.000000;
2162	0.000000;
2162	0.000000;
2163	0.000000;
2163	0.000000;
2164	0.000000;
2168	4.459432;4.45943161864,
2169	0.000000;
2169	0.000000;
2170	0.000000;
2171	0.000000;
2172	0.000000;
2173	0.000000;
2173	0.000000;
2173	0.000000;
2173	0.000000;
2174	0.000000;
2174	0.000000;
2175	0.000000;
2175	1.194988;1.58496250072,1.0,1.0,
2175	0.000000;
2176	1.194988;1.58496250072,1.0,1.0,
2176	2.321928;2.32192809489,
2176	0.000000;
2177	1.194988;1.58496250072,1.0,1.0,
2177	0.000000;
2178	0.000000;
2178	0.000000;
2179	0.000000;
2179	0.000000;
2180	0.000000;
2180	4.247928;4.24792751344,
2181	0.000000;
2181	0.000000;
2182	0.000000;
2182	2.000000;2.0,2.0,
2182	0.000000;
2182	0.000000;
2183	2.000000;2.0,
2183	1.584963;1.58496250072,1.58496250072,
2184	0.000000;
2184	0.000000;
2184	0.000000;
2184	1.000000;1.0,
2185	0.000000;
2185	0.000000;
2185	0.000000;
2185	0.000000;
2186	0.000000;
2186	0.000000;
2186	0.000000;
2187	0.000000;
2187	0.000000;
2187	0.000000;
2188	0.000000;
2188	0.000000;
2188	0.000000;
2189	0.000000;
2190	0.000000;
2190	1.000000;1.0,1.0,
2190	0.000000;
2190	2.500000;4.0,1.0,
2190	0.000000;
2191	0.000000;
2191	0.000000;
2191	0.000000;
2191	0.000000;
2192	0.000000;
2192	1.584963;1.58496250072,
2192	0.000000;
2192	0.000000;
2193	0.000000;
2193	0.000000;
2193	0.000000;
2194	0.000000;
2194	0.000000;
2194	0.000000;
2195	0.000000;
2195	0.000000;
2195	0.000000;
2195	0.000000;
2195	0.000000;
2196	0.000000;
2196	0.000000;
2196	0.000000;
2196	0.000000;
2196	0.000000;
2197	0.000000;
2197	1.584963;1.58496250072,
2197	0.000000;
2197	0.000000;
2197	0.000000;
2197	0.000000;
2198	0.000000;
2198	0.000000;
2198	0.000000;
2198	0.000000;
2199	0.000000;
2199	1.000000;1.0,
2200	0.000000;
2200	0.000000;
2200	0.000000;
2200	0.000000;
2200	0.000000;
2201	0.000000;
2201	0.000000;
2201	0.000000;
2202	0.000000;
2202	0.000000;
2202	0.000000;
2202	0.000000;
2203	0.000000;
2203	0.000000;
2204	0.000000;
2204	0.000000;
2204	0.000000;
2205	0.000000;
2205	0.000000;
2205	1.584963;1.58496250072,
2206	1.000000;1.0,
2206	0.000000;
2206	0.000000;
2206	0.000000;
2207	1.000000;1.0,
2207	0.000000;
2207	0.000000;
2207	0.000000;
2208	0.000000;
2208	0.000000;
2209	0.000000;
2209	0.000000;
2209	0.000000;
2209	0.000000;
2209	0.000000;
2210	0.000000;
2210	0.000000;
2210	0.000000;
2211	0.000000;
2211	0.000000;
2212	0.000000;
2212	0.000000;
2212	0.000000;
2212	0.000000;
2213	0.000000;
2213	0.000000;
2214	0.000000;
2214	0.000000;
2214	0.000000;
2215	1.584963;1.58496250072,
2215	4.247928;4.24792751344,
2215	0.000000;
2215	0.000000;
2215	0.000000;
2216	0.000000;
2216	0.000000;
2216	0.000000;
2216	0.000000;
2217	1.968964;2.32192809489,1.0,2.58496250072,
2217	0.000000;
2217	0.000000;
2218	0.000000;
2218	0.000000;
2219	0.000000;
2219	0.000000;
2219	0.000000;
2220	0.000000;
2220	1.292481;1.0,1.58496250072,
2221	0.000000;
2221	0.000000;
2222	0.000000;
2222	0.000000;
2222	0.000000;
2223	0.000000;
2223	0.000000;
2223	0.000000;
2223	0.000000;
2224	0.000000;
2224	0.000000;
2224	0.000000;
2224	0.000000;
2225	0.000000;
2225	0.000000;
2226	0.000000;
2226	0.000000;
2226	0.000000;
2227	0.000000;
2227	0.000000;
2228	0.000000;
2228	0.000000;
2228	0.000000;
2229	1.584963;1.58496250072,
2229	0.000000;
2229	0.000000;
2230	0.000000;
2231	0.000000;
2232	0.000000;
2232	0.000000;
2232	0.000000;
2232	0.000000;
2232	0.000000;
2233	2.807355;2.80735492206,
2233	0.000000;
2234	0.000000;
2234	0.000000;
2235	0.000000;
2235	0.000000;
2235	0.000000;
2236	0.000000;
2236	0.000000;
2236	0.000000;
2237	0.000000;
2238	0.000000;
2239	0.000000;
2240	0.000000;
2241	0.000000;
2242	0.000000;
2242	0.000000;
2243	2.353930;1.58496250072,6.56985560833,1.58496250072,1.0,3.0,7.58496250072,1.0,4.95419631039,1.0,1.0,1.58496250072,4.0,1.58496250072,1.58496250072,1.0,2.80735492206,2.80735492206,1.0,2.58496250072,1.58496250072,2.32192809489,1.0,1.0,
2244	0.000000;
2246	0.000000;
2247	0.000000;
2247	0.000000;
2248	0.000000;
2248	0.000000;
2248	0.000000;
2249	0.000000;
2249	0.000000;
2250	0.000000;
2250	0.000000;
2250	0.000000;
2250	0.000000;
2251	0.000000;
2251	0.000000;
2251	0.000000;
2251	0.000000;
2252	0.000000;
2252	0.000000;
2252	0.000000;
2252	0.000000;
2253	0.000000;
2253	0.000000;
2254	0.000000;
2255	0.000000;
2255	0.000000;
2255	0.000000;
2256	0.000000;
2256	0.000000;
2257	0.000000;
2257	0.000000;
2257	0.000000;
2257	5.832890;5.83289001416,
2257	0.000000;
2258	1.602452;1.0,2.80735492206,1.0,
2258	0.000000;
2258	0.000000;
2258	0.000000;
2258	0.000000;
2259	0.000000;
2259	0.000000;
2260	0.000000;
2260	0.000000;
2260	0.000000;
2261	2.584963;2.58496250072,
2261	0.000000;
2262	0.000000;
2262	0.000000;
2263	0.000000;
2263	0.000000;
2264	0.000000;
2264	0.000000;
2264	0.000000;
2264	0.000000;
2265	0.000000;
2265	3.700440;3.70043971814,
2265	0.000000;
2265	0.000000;
2266	0.000000;
2266	1.000000;1.0,
2267	0.000000;
2267	1.000000;1.0,
2267	1.000000;1.0,
2267	2.321928;2.32192809489,2.32192809489,
2268	1.000000;1.0,1.0,1.0,
2268	1.584963;1.58496250072,
2268	0.000000;
2268	2.321928;2.32192809489,2.32192809489,
2269	1.916993;2.0,2.0,1.58496250072,2.0,2.0,
2269	2.321928;2.32192809489,
2270	0.000000;
2270	0.000000;
2271	0.000000;
2271	0.000000;
2271	0.000000;
2271	0.000000;
2272	0.000000;
2272	0.000000;
2272	2.584963;2.58496250072,2.58496250072,
2272	0.000000;
2272	0.000000;
2272	0.000000;
2273	0.000000;
2273	0.000000;
2274	2.584963;2.58496250072,
2274	2.584963;2.58496250072,
2275	0.000000;
2275	0.000000;
2276	0.000000;
2276	0.000000;
2276	0.000000;
2277	0.000000;
2277	0.000000;
2278	0.000000;
2278	0.000000;
2278	0.000000;
2278	0.000000;
2279	0.000000;
2279	0.000000;
2280	0.000000;
2280	0.000000;
2281	0.000000;
2281	0.000000;
2281	0.000000;
2282	1.000000;1.0,
2282	1.000000;1.0,
2282	0.000000;
2282	0.000000;
2282	0.000000;
2282	0.000000;
2283	0.000000;
2284	0.000000;
2284	0.000000;
2284	0.000000;
2285	0.000000;
2285	0.000000;
2285	0.000000;
2285	2.000000;2.0,
2286	0.000000;
2286	2.000000;2.0,
2286	0.000000;
2286	0.000000;
2287	0.000000;
2287	0.000000;
2287	0.000000;
2287	0.000000;
2288	0.000000;
2288	0.000000;
2288	0.000000;
2289	0.000000;
2289	0.000000;
2289	0.000000;
2290	0.000000;
2290	0.000000;
2290	0.000000;
2290	0.000000;
2290	0.000000;
2291	0.000000;
2291	0.000000;
2291	0.000000;
2292	0.000000;
2292	0.000000;
2292	0.000000;
2292	0.000000;
2293	0.000000;
2293	0.000000;
2293	0.000000;
2294	0.000000;
2294	0.000000;
2295	0.000000;
2295	0.000000;
2297	0.000000;
2297	0.000000;
2297	0.000000;
2297	1.584963;1.58496250072,
2298	0.000000;
2298	0.000000;
2298	0.000000;
2298	1.000000;1.0,
2299	0.000000;
2299	0.000000;
2299	0.000000;
2300	0.000000;
2300	0.000000;
2300	0.000000;
2300	0.000000;
2301	0.000000;
2301	0.000000;
2301	0.000000;
2301	0.000000;
2302	0.000000;
2302	0.000000;
2302	2.321928;2.32192809489,
2303	0.000000;
2303	0.000000;
2304	0.000000;
2305	0.000000;
2305	0.000000;
2305	0.000000;
2306	0.000000;
2306	0.000000;
2306	0.000000;
2307	0.000000;
2308	1.584963;1.58496250072,
2308	0.000000;
2309	0.000000;
2310	0.000000;
2311	0.000000;
2311	0.000000;
2314	0.000000;
2315	0.000000;
2316	0.000000;
2316	3.000000;3.0,
2316	0.000000;
2317	0.000000;
2317	0.000000;
2317	0.000000;
2320	0.000000;
2321	0.000000;
2321	0.000000;
2322	0.000000;
2322	2.807355;2.80735492206,
2323	0.000000;
2323	0.000000;
2324	0.000000;
2324	0.000000;
2324	0.000000;
2325	0.000000;
2326	0.000000;
2326	0.000000;
2327	0.000000;
2328	0.000000;
2329	0.000000;
2329	0.000000;
2329	2.000000;2.0,
2330	0.000000;
2331	0.000000;
2331	0.000000;
2332	0.000000;
2332	0.000000;
2332	0.000000;
2333	1.000000;1.0,
2333	2.807355;2.80735492206,
2333	0.000000;
2333	2.056642;1.58496250072,3.0,1.58496250072,
2333	0.000000;
2334	1.000000;1.0,
2334	0.000000;
2335	0.000000;
2335	0.000000;
2335	0.000000;
2336	0.000000;
2336	0.000000;
2337	0.000000;
2337	0.000000;
2338	0.000000;
2339	0.000000;
2339	0.000000;
2340	0.000000;
2340	0.000000;
2341	0.000000;
2341	0.000000;
2342	0.000000;
2343	0.000000;
2343	2.000000;2.0,
2343	0.000000;
2344	0.000000;
2344	0.000000;
2345	0.000000;
2345	0.000000;
2345	3.906891;3.90689059561,
2345	0.000000;
2345	4.459432;4.45943161864,
2346	0.000000;
2346	0.000000;
2346	4.459432;4.45943161864,
2347	0.000000;
2347	0.000000;
2347	0.000000;
2348	0.000000;
2348	0.000000;
2349	2.000000;2.0,
2349	0.000000;
2349	0.000000;
2350	1.903677;2.80735492206,1.0,
2351	1.903677;2.80735492206,1.0,
2352	0.000000;
2352	0.000000;
2352	0.000000;
2352	0.000000;
2353	0.000000;
2353	0.000000;
2353	2.321928;2.32192809489,
2353	0.000000;
2354	3.321928;3.32192809489,
2354	0.000000;
2354	0.000000;
2354	0.000000;
2355	0.000000;
2355	0.000000;
2356	0.000000;
2356	0.000000;
2357	0.000000;
2357	0.000000;
2357	0.000000;
2357	0.000000;
2357	0.000000;
2358	0.000000;
2358	0.000000;
2358	4.000000;4.0,
2358	0.000000;
2359	2.807355;2.80735492206,
2359	0.000000;
2359	0.000000;
2360	0.000000;
2360	0.000000;
2361	0.000000;
2361	0.000000;
2361	0.000000;
2362	2.000000;2.0,
2362	0.000000;
2362	0.000000;
2362	3.000000;3.0,
2362	0.000000;
2363	2.000000;2.0,
2363	2.000000;2.0,
2363	0.000000;
2364	0.000000;
2364	0.000000;
2364	0.000000;
2365	2.584963;2.58496250072,
2367	0.000000;
2368	0.000000;
2377	0.000000;
2381	0.000000;
2387	0.000000;
2389	0.000000;
2391	0.000000;
2401	0.000000;
2414	0.000000;
2435	0.000000;
2438	0.000000;
2478	0.000000;
2484	0.000000;
2485	0.000000;
2486	0.000000;
2511	0.000000;
2513	0.000000;
2515	0.000000;
2529	0.000000;
